Date	Contract	Units	$Volume	LowPrice	HighPrice	AvgPrice	LastPrice	
05/01/00	Dem	224	112.043	0.49	0.55	0.5	0.55	0.5233111323
05/01/00	Reform	2	0.067	0.019	0.048	0.034	0.019	0.08421052632
05/01/00	Rep	116	57.95	0.488	0.501	0.5	0.5	0.9901185771
05/02/00	Dem	87	44.369	0.501	0.522	0.51	0.508	0.5112634672
05/02/00	Reform	50	0.196	0.003	0.005	0.004	0.003	0.009708737864
05/02/00	Rep	151	74.808	0.491	0.499	0.495	0.498	0.9900793651
05/03/00	Dem	44	22.389	0.508	0.51	0.509	0.51	0.5089820359
05/03/00	Reform	42	0.17	0.004	0.005	0.004	0.004	0.009633911368
05/03/00	Rep	25	12.29	0.491	0.492	0.492	0.491	0.9899396378
05/04/00	Dem	52	26.561	0.509	0.514	0.511	0.513	0.5114427861
05/04/00	Reform	166	0.673	0.004	0.005	0.004	0.005	0.009328358209
05/04/00	Rep	135	66.215	0.49	0.491	0.49	0.49	0.9899193548
05/05/00	Dem	50	25.823	0.513	0.531	0.516	0.524	0.5241855874
05/05/00	Reform	17	0.085	0.005	0.005	0.005	0.005	0.00946969697
05/05/00	Rep	19	9.073	0.477	0.482	0.478	0.482	0.9836734694
05/06/00	Dem	47	24.165	0.513	0.523	0.514	0.513	0.511741683
05/06/00	Reform	78	0.49	0.006	0.008	0.006	0.006	1
05/06/00	Rep	154	75.565	0.483	0.499	0.491	0.483	0.9861660079
05/07/00	Dem	0	0	0	0		0.513	0
05/07/00	Reform	40	0.27	0.006	0.007	0.007	0.006	0.01330798479
05/07/00	Rep	22	10.658	0.483	0.499	0.484	0.483	0.9881188119
05/08/00	Dem	15	7.686	0.51	0.519	0.512	0.51	0.5159045726
05/08/00	Reform	117	0.702	0.006	0.006	0.006	0.006	0.01158301158
05/08/00	Rep	107	51.418	0.478	0.487	0.481	0.487	0.9878296146
05/09/00	Dem	40	20.41	0.51	0.512	0.51	0.51	0.5109780439
05/09/00	Reform	31	0.186	0.006	0.006	0.006	0.006	0.01181102362
05/09/00	Rep	73	35.757	0.489	0.49	0.49	0.49	0.9898989899
05/10/00	Dem	414	206.902	0.49	0.502	0.5	0.5	0.498510427
05/10/00	Reform	309	1.243	0.004	0.005	0.004	0.005	0.009881422925
05/10/00	Rep	530	265.436	0.498	0.505	0.501	0.5	0.9901960784
05/11/00	Dem	42	21.001	0.499	0.501	0.5	0.5	0.496039604
05/11/00	Reform	33	0.133	0.004	0.005	0.004	0.004	0.009920634921
05/11/00	Rep	51	25.627	0.501	0.509	0.502	0.509	0.9883495146
05/12/00	Dem	50	24.724	0.488	0.499	0.494	0.495	0.4945490585
05/12/00	Reform	44	0.196	0.004	0.006	0.004	0.006	0.0119047619
05/12/00	Rep	17	8.543	0.502	0.51	0.503	0.502	1
05/13/00	Dem	12	5.971	0.495	0.498	0.498	0.495	0.498997996
05/13/00	Reform	0	0	0	0		0.006	0
05/13/00	Rep	10	5	0.5	0.5	0.5	0.5	1
05/14/00	Dem	3	1.497	0.499	0.499	0.499	0.499	1
05/14/00	Reform	0	0	0	0		0.006	0
05/14/00	Rep	0	0	0	0		0.5	0
05/15/00	Dem	27	13.407	0.494	0.499	0.497	0.494	0.499
05/15/00	Reform	51	0.204	0.004	0.004	0.004	0.004	0.007936507937
05/15/00	Rep	27	13.515	0.5	0.501	0.501	0.501	1
05/16/00	Dem	90	44.344	0.48	0.5	0.493	0.48	0.4911591356
05/16/00	Reform	0	0	0	0		0.004	0
05/16/00	Rep	61	31.196	0.503	0.518	0.511	0.51	1
05/17/00	Dem	92	45.809	0.489	0.5	0.498	0.5	0.4916420846
05/17/00	Reform	0	0	0	0		0.004	0
05/17/00	Rep	62	31.682	0.51	0.517	0.511	0.51	0.9923224568
05/18/00	Dem	121	58.32	0.476	0.485	0.482	0.476	0.4736328125
05/18/00	Reform	66	0.264	0.004	0.004	0.004	0.004	0.008032128514
05/18/00	Rep	79	40.796	0.514	0.539	0.516	0.539	0.9926335175
05/19/00	Dem	129	62.297	0.473	0.494	0.483	0.475	0.4557195572
05/19/00	Reform	94	0.376	0.004	0.004	0.004	0.004	0.007984031936
05/19/00	Rep	201	111.076	0.524	0.59	0.553	0.59	0.9932659933
05/20/00	Dem	306	149.64	0.461	0.497	0.489	0.497	0.486777669
05/20/00	Reform	4	0.016	0.004	0.004	0.004	0.004	0.00826446281
05/20/00	Rep	4	2.09	0.521	0.524	0.523	0.521	0.9905482042
05/21/00	Dem	100	47.895	0.47	0.48	0.479	0.48	0.4633204633
05/21/00	Reform	115	0.5	0.004	0.005	0.004	0.004	0.01030927835
05/21/00	Rep	161	85.955	0.52	0.556	0.534	0.52	0.9946332737
05/22/00	Dem	21	10.028	0.475	0.48	0.478	0.48	0.4795204795
05/22/00	Reform	158	0.474	0.003	0.003	0.003	0.003	0.006211180124
05/22/00	Rep	12	6.228	0.513	0.521	0.519	0.513	0.9867424242
05/23/00	Dem	251	120.36	0.476	0.48	0.48	0.476	0.48
05/23/00	Reform	197	1.084	0.004	0.007	0.006	0.005	0.01408450704
05/23/00	Rep	72	37.44	0.52	0.52	0.52	0.52	0.9942638623
05/24/00	Dem	289	138.318	0.47	0.49	0.479	0.475	0.4757281553
05/24/00	Reform	24	0.072	0.003	0.003	0.003	0.003	0.006276150628
05/24/00	Rep	89	47.275	0.522	0.54	0.531	0.54	0.9908256881
05/25/00	Dem	11	5.156	0.467	0.475	0.469	0.475	0.4684418146
05/25/00	Reform	272	1.313	0.003	0.005	0.005	0.005	0.009708737864
05/25/00	Rep	306	159.454	0.52	0.539	0.521	0.52	0.9889908257
05/26/00	Dem	252	126.971	0.483	0.51	0.504	0.51	0.498046875
05/26/00	Reform	52	0.309	0.004	0.006	0.006	0.004	0.01140684411
05/26/00	Rep	99	50.267	0.501	0.514	0.508	0.505	0.9922779923
05/27/00	Dem	89	46.086	0.514	0.52	0.518	0.52	0.5024154589
05/27/00	Reform	5	0.02	0.004	0.004	0.004	0.004	0.007490636704
05/27/00	Rep	189	96.221	0.505	0.515	0.509	0.515	1
05/28/00	Dem	503	260.677	0.49	0.53	0.518	0.53	0.5201177625
05/28/00	Reform	0	0	0	0		0.004	0
05/28/00	Rep	1	0.489	0.489	0.489	0.489	0.489	0.9898785425
05/29/00	Dem	25	12.975	0.515	0.52	0.519	0.52	1
05/29/00	Reform	278	0.874	0.003	0.005	0.003	0.005	0.01
05/29/00	Rep	0	0	0	0		0.489	0
05/30/00	Dem	9	4.455	0.495	0.495	0.495	0.495	0.4925373134
05/30/00	Reform	53	0.318	0.006	0.006	0.006	0.006	0.01153846154
05/30/00	Rep	249	126.944	0.504	0.51	0.51	0.51	0.9922178988
05/31/00	Dem	252	126.89	0.492	0.514	0.504	0.492	0.5034280118
05/31/00	Reform	115	0.445	0.003	0.004	0.004	0.003	0.007952286282
05/31/00	Rep	67	33.803	0.495	0.507	0.505	0.497	1
06/01/00	Dem	13	6.486	0.498	0.499	0.499	0.498	0.4950396825
06/01/00	Reform	0	0	0	0		0.003	0
06/01/00	Rep	47	23.752	0.5	0.509	0.505	0.5	0.9902723735
06/02/00	Dem	327	165.39	0.5	0.528	0.506	0.5	0.513618677
06/02/00	Reform	112	0.468	0.004	0.005	0.004	0.004	1
06/02/00	Rep	226	112.933	0.497	0.5	0.5	0.497	1
06/03/00	Dem	0	0	0	0		0.5	0
06/03/00	Reform	0	0	0	0		0.004	0
06/03/00	Rep	142	71.849	0.505	0.509	0.506	0.508	0.994140625
06/04/00	Dem	48	24.377	0.507	0.509	0.508	0.509	0.500984252
06/04/00	Reform	17	0.051	0.003	0.003	0.003	0.003	0.005870841487
06/04/00	Rep	1	0.507	0.507	0.507	0.507	0.507	0.9921722114
06/05/00	Dem	120	60.07	0.498	0.508	0.501	0.5	0.5019762846
06/05/00	Reform	113	0.384	0.003	0.004	0.003	0.004	0.007782101167
06/05/00	Rep	98	48.946	0.495	0.504	0.499	0.503	0.9921259843
06/06/00	Dem	193	97.36	0.5	0.51	0.504	0.5	0.5044510386
06/06/00	Reform	96	0.354	0.003	0.004	0.004	0.004	0.007042253521
06/06/00	Rep	162	80.65	0.495	0.501	0.498	0.495	0.994047619
06/09/00	Dem	293	159.173	0.508	0.564	0.543	0.54	0.5428296439
06/09/00	Reform	15	0.045	0.003	0.003	0.003	0.003	0.005628517824
06/09/00	Rep	139	63.995	0.45	0.475	0.46	0.46	1
06/10/00	Dem	5	2.65	0.53	0.53	0.53	0.53	0.5150631681
06/10/00	Reform	0	0	0	0		0.003	0
06/10/00	Rep	139	68.091	0.484	0.499	0.49	0.499	1
06/11/00	Dem	268	143.569	0.529	0.54	0.536	0.54	1
06/11/00	Reform	0	0	0	0		0.003	0
06/11/00	Rep	0	0	0	0		0.499	0
06/12/00	Dem	160	85.012	0.511	0.541	0.531	0.511	0.5252427184
06/12/00	Reform	407	2.035	0.003	0.009	0.005	0.009	1
06/12/00	Rep	161	76.215	0.46	0.489	0.473	0.489	0.9819277108
06/13/00	Dem	0	0	0	0		0.511	#DIV/0!
06/13/00	Reform	85	0.706	0.005	0.009	0.008	0.008	0.01669758813
06/13/00	Rep	0	0	0	0		0.489	0
06/14/00	Dem	146	76.374	0.51	0.53	0.523	0.53	0.5216535433
06/14/00	Reform	114	0.912	0.008	0.008	0.008	0.008	0.01436265709
06/14/00	Rep	122	58.552	0.479	0.486	0.48	0.479	0.9818181818
06/15/00	Dem	188	101.066	0.52	0.549	0.538	0.549	0.5289017341
06/15/00	Reform	28	0.197	0.006	0.009	0.007	0.009	0.01688555347
06/15/00	Rep	67	32.354	0.47	0.489	0.483	0.488	0.9513618677
06/16/00	Dem	73	37.244	0.51	0.524	0.51	0.524	0.5172754195
06/16/00	Reform	286	3.402	0.008	0.025	0.012	0.025	0.04424778761
06/16/00	Rep	87	41.917	0.478	0.489	0.482	0.478	0.972166998
06/17/00	Dem	129	68.872	0.523	0.54	0.534	0.535	0.5304518664
06/17/00	Reform	104	0.516	0.004	0.014	0.005	0.004	0.02554744526
06/17/00	Rep	76	36.25	0.475	0.478	0.477	0.475	1
06/18/00	Dem	11	5.844	0.531	0.534	0.531	0.531	0.5266272189
06/18/00	Reform	0	0	0	0		0.004	0
06/18/00	Rep	27	12.9	0.475	0.48	0.478	0.48	0.9836065574
06/19/00	Dem	141	71.588	0.5	0.517	0.508	0.517	0.507360157
06/19/00	Reform	500	4	0.008	0.008	0.008	0.008	0.01486988848
06/19/00	Rep	110	54.376	0.489	0.502	0.494	0.49	0.9920948617
06/20/00	Dem	108	55.941	0.51	0.53	0.518	0.529	0.5242334322
06/20/00	Reform	40	0.16	0.004	0.004	0.004	0.004	0.007518796992
06/20/00	Rep	13	6.253	0.481	0.481	0.481	0.481	0.9897119342
06/21/00	Dem	6	3.078	0.51	0.528	0.513	0.51	0.5232903865
06/21/00	Reform	6	0.029	0.004	0.005	0.005	0.005	0.009523809524
06/21/00	Rep	3	1.442	0.48	0.481	0.481	0.48	0.9856557377
06/22/00	Dem	112	57.302	0.51	0.52	0.512	0.51	0.5073170732
06/22/00	Reform	56	0.341	0.006	0.007	0.006	0.006	0.01353965184
06/22/00	Rep	233	115.125	0.481	0.505	0.494	0.505	1
06/23/00	Dem	11	5.601	0.501	0.51	0.509	0.51	0.504950495
06/23/00	Reform	0	0	0	0		0.006	#DIV/0!
06/23/00	Rep	2	1	0.5	0.5	0.5	0.5	1
06/24/00	Dem	0	0	0	0		0.51	#DIV/0!
06/24/00	Reform	0	0	0	0		0.006	#DIV/0!
06/24/00	Rep	0	0	0	0		0.5	#DIV/0!
06/25/00	Dem	0	0	0	0		0.51	0
06/25/00	Reform	0	0	0	0		0.006	0
06/25/00	Rep	25	12.588	0.488	0.507	0.504	0.488	0.9921722114
06/26/00	Dem	78	39.684	0.499	0.515	0.509	0.515	0.5044074437
06/26/00	Reform	35	0.14	0.004	0.004	0.004	0.004	0.007843137255
06/26/00	Rep	49	24.234	0.49	0.506	0.495	0.498	0.9844357977
06/27/00	Dem	238	118.487	0.486	0.506	0.498	0.5	0.4955925563
06/27/00	Reform	99	0.598	0.004	0.008	0.006	0.005	0.01606425703
06/27/00	Rep	340	173.824	0.498	0.515	0.511	0.51	0.9865900383
06/28/00	Dem	56	27.064	0.454	0.49	0.483	0.454	0.4851485149
06/28/00	Reform	59	0.297	0.005	0.007	0.005	0.005	0.01425661914
06/28/00	Rep	85	43.816	0.51	0.52	0.515	0.52	1
06/29/00	Dem	16	7.734	0.481	0.484	0.483	0.484	0.4820717131
06/29/00	Reform	0	0	0	0		0.005	0
06/29/00	Rep	4	2.08	0.52	0.52	0.52	0.52	0.9867172676
06/30/00	Dem	73	35.04	0.48	0.48	0.48	0.48	0.4804804805
06/30/00	Reform	117	0.483	0.004	0.007	0.004	0.007	1
06/30/00	Rep	102	52.648	0.515	0.519	0.516	0.515	0.9848197343
07/01/00	Dem	0	0	0	0		0.48	0
07/01/00	Reform	49	0.338	0.005	0.008	0.007	0.005	0.01673640167
07/01/00	Rep	41	21.448	0.519	0.54	0.523	0.54	0.9854014599
07/02/00	Dem	2	0.94	0.47	0.47	0.47	0.47	0.4667328699
07/02/00	Reform	4	0.026	0.005	0.008	0.007	0.005	0.01639344262
07/02/00	Rep	2	1.074	0.537	0.537	0.537	0.537	1
07/03/00	Dem	107	50.006	0.465	0.48	0.467	0.465	0.4752475248
07/03/00	Reform	0	0	0	0		0.005	0
07/03/00	Rep	110	58.298	0.529	0.53	0.53	0.53	1
07/04/00	Dem	1	0.476	0.476	0.476	0.476	0.476	1
07/04/00	Reform	0	0	0	0		0.005	0
07/04/00	Rep	0	0	0	0		0.53	#DIV/0!
07/05/00	Dem	2	0.95	0.475	0.475	0.475	0.475	0.4712301587
07/05/00	Reform	0	0	0	0		0.005	0
07/05/00	Rep	132	69.486	0.523	0.533	0.526	0.533	0.9907063197
07/06/00	Dem	153	72.272	0.47	0.474	0.472	0.474	0.4711729622
07/06/00	Reform	50	0.25	0.005	0.005	0.005	0.005	0.01048218029
07/06/00	Rep	4	2.128	0.532	0.532	0.532	0.532	0.990689013
07/07/00	Dem	5	2.36	0.472	0.472	0.472	0.472	0.4734202608
07/07/00	Reform	30	0.15	0.005	0.005	0.005	0.005	0.01052631579
07/07/00	Rep	50	26.25	0.525	0.525	0.525	0.525	0.9905660377
07/08/00	Dem	20	9.4	0.47	0.47	0.47	0.47	0.4728370221
07/08/00	Reform	28	0.14	0.005	0.005	0.005	0.005	0.01048218029
07/08/00	Rep	13	6.812	0.524	0.524	0.524	0.524	0.9886792453
07/09/00	Dem	17	8.014	0.47	0.472	0.471	0.472	1
07/09/00	Reform	47	0.277	0.005	0.006	0.006	0.006	0.01252609603
07/09/00	Rep	0	0	0	0		0.524	0
07/10/00	Dem	114	53.096	0.465	0.473	0.466	0.473	0.4706467662
07/10/00	Reform	131	0.655	0.005	0.005	0.005	0.005	0.01046025105
07/10/00	Rep	9	4.776	0.53	0.532	0.531	0.532	0.990689013
07/11/00	Dem	26	12.215	0.468	0.473	0.47	0.473	0.4739478958
07/11/00	Reform	2	0.01	0.005	0.005	0.005	0.005	0.01030927835
07/11/00	Rep	2	1.05	0.525	0.525	0.525	0.525	0.9905660377
07/12/00	Dem	154	73.2	0.473	0.48	0.475	0.475	0.4743083004
07/12/00	Reform	108	0.54	0.005	0.005	0.005	0.005	0.009009009009
07/12/00	Rep	113	58.96	0.52	0.532	0.522	0.52	0.990689013
07/13/00	Dem	931	492.211	0.488	0.55	0.529	0.54	0.5159474672
07/13/00	Reform	443	2.215	0.005	0.005	0.005	0.005	0.01030927835
07/13/00	Rep	121	61.355	0.485	0.516	0.507	0.485	0.990403071
07/14/00	Dem	1	0.48	0.48	0.48	0.48	0.48	0.4848484848
07/14/00	Reform	32	0.16	0.005	0.005	0.005	0.005	0.009900990099
07/14/00	Rep	6	3.06	0.51	0.51	0.51	0.51	0.9845559846
07/15/00	Dem	75	36.97	0.49	0.5	0.493	0.5	0.499001996
07/15/00	Reform	233	1.681	0.005	0.008	0.007	0.005	0.01550387597
07/15/00	Rep	20	9.99	0.497	0.502	0.5	0.502	0.9843137255
07/16/00	Dem	25	12.61	0.499	0.508	0.504	0.508	0.503968254
07/16/00	Reform	130	0.73	0.005	0.008	0.006	0.007	0.015625
07/16/00	Rep	70	34.81	0.494	0.5	0.497	0.5	0.9881422925
07/17/00	Dem	87	43.33	0.495	0.504	0.498	0.5	0.5014925373
07/17/00	Reform	204	1.06	0.005	0.006	0.005	0.005	0.01185770751
07/17/00	Rep	182	90.172	0.493	0.501	0.495	0.498	0.9901185771
07/18/00	Dem	13	6.497	0.499	0.5	0.5	0.5	0.499001996
07/18/00	Reform	5	0.025	0.005	0.005	0.005	0.005	0.009861932939
07/18/00	Rep	61	30.56	0.5	0.502	0.501	0.501	0.9901380671
07/19/00	Dem	48	24.013	0.497	0.502	0.5	0.5	0.500998004
07/19/00	Reform	5	0.025	0.005	0.005	0.005	0.005	0.01004016064
07/19/00	Rep	50	25	0.5	0.5	0.5	0.5	0.9727626459
07/20/00	Dem	1,374	590.915	0.4	0.493	0.43	0.475	0.4681861349
07/20/00	Reform	1,418	9.091	0.005	0.014	0.006	0.008	0.02729044834
07/20/00	Rep	1,025	533.391	0.501	0.56	0.52	0.515	0.985915493
07/21/00	Dem	182	86.622	0.435	0.499	0.476	0.499	0.4825918762
07/21/00	Reform	56	0.304	0.005	0.008	0.005	0.005	0.0157790927
07/21/00	Rep	48	24.718	0.51	0.535	0.515	0.535	0.9780621572
07/22/00	Dem	7	3.432	0.488	0.499	0.49	0.499	0.4825918762
07/22/00	Reform	13	0.086	0.005	0.012	0.007	0.005	1
07/22/00	Rep	39	20.359	0.504	0.535	0.522	0.51	1
07/23/00	Dem	0	0	0	0		0.499	0
07/23/00	Reform	0	0	0	0		0.005	0
07/23/00	Rep	4	2.018	0.504	0.505	0.504	0.504	0.9824902724
07/24/00	Dem	47	22.97	0.478	0.493	0.489	0.478	0.4866732478
07/24/00	Reform	33	0.25	0.006	0.009	0.008	0.006	0.01810865191
07/24/00	Rep	131	67.537	0.497	0.52	0.516	0.52	0.9904761905
07/25/00	Dem	63	30.398	0.481	0.488	0.483	0.482	0.4865403789
07/25/00	Reform	8	0.04	0.005	0.005	0.005	0.005	0.01026694045
07/25/00	Rep	8	4.12	0.515	0.515	0.515	0.515	0.9884836852
07/26/00	Dem	64	30.449	0.475	0.482	0.476	0.475	0.47960199
07/26/00	Reform	218	1.19	0.005	0.006	0.005	0.006	0.01207243461
07/26/00	Rep	52	27.046	0.516	0.523	0.52	0.523	0.9830827068
07/27/00	Dem	81	39.551	0.48	0.491	0.488	0.491	0.4766990291
07/27/00	Reform	369	1.948	0.005	0.009	0.005	0.005	0.01789264414
07/27/00	Rep	293	149.912	0.495	0.539	0.512	0.495	1
07/28/00	Dem	136	66.055	0.475	0.494	0.486	0.475	0.4847890088
07/28/00	Reform	0	0	0	0		0.005	0
07/28/00	Rep	18	9.179	0.503	0.525	0.51	0.506	0.988700565
07/29/00	Dem	425	195.545	0.45	0.476	0.46	0.46	0.4639376218
07/29/00	Reform	100	0.53	0.005	0.006	0.005	0.005	1
07/29/00	Rep	455	246.055	0.525	0.55	0.541	0.535	0.990990991
07/30/00	Dem	0	0	0	0		0.46	0
07/30/00	Reform	40	0.2	0.005	0.005	0.005	0.005	0.01046025105
07/30/00	Rep	40	21.19	0.52	0.54	0.53	0.525	0.9908256881
07/31/00	Dem	35	16.44	0.463	0.473	0.47	0.463	0.4687809713
07/31/00	Reform	11	0.055	0.005	0.005	0.005	0.005	0.01043841336
07/31/00	Rep	88	46.382	0.524	0.536	0.527	0.536	0.9907578558
08/01/00	Dem	82	38.684	0.47	0.474	0.472	0.472	0.4693069307
08/01/00	Reform	50	0.25	0.005	0.005	0.005	0.005	0.0103950104
08/01/00	Rep	142	75.106	0.524	0.536	0.529	0.524	0.9907578558
08/02/00	Dem	35	16.561	0.471	0.476	0.473	0.475	0.476
08/02/00	Reform	17	0.085	0.005	0.005	0.005	0.005	0.01
08/02/00	Rep	58	30.315	0.52	0.524	0.523	0.52	0.984962406
08/03/00	Dem	701	339.578	0.471	0.495	0.484	0.48	0.4782608696
08/03/00	Reform	152	0.997	0.006	0.008	0.007	0.006	0.01606425703
08/03/00	Rep	333	171.359	0.5	0.54	0.515	0.524	0.989010989
08/04/00	Dem	784	376.538	0.468	0.49	0.48	0.478	0.4757281553
08/04/00	Reform	983	5.421	0.005	0.006	0.006	0.005	0.01224489796
08/04/00	Rep	710	371.07	0.51	0.54	0.523	0.51	0.9908256881
08/05/00	Dem	201	96.198	0.475	0.484	0.479	0.475	0.4796828543
08/05/00	Reform	130	0.549	0.004	0.005	0.004	0.005	0.01041666667
08/05/00	Rep	263	137.002	0.517	0.525	0.521	0.525	0.9905660377
08/06/00	Dem	257	121.663	0.471	0.475	0.473	0.471	0.475
08/06/00	Reform	545	2.38	0.004	0.005	0.004	0.004	0.01020408163
08/06/00	Rep	377	197.895	0.515	0.525	0.525	0.515	0.9905660377
08/07/00	Dem	1,283	599.016	0.448	0.485	0.467	0.47	0.4685990338
08/07/00	Reform	1,029	4.166	0.004	0.005	0.004	0.004	0.0101010101
08/07/00	Rep	516	277.193	0.521	0.55	0.537	0.54	0.990990991
08/08/00	Dem	414	197.213	0.458	0.49	0.476	0.476	0.4761904762
08/08/00	Reform	301	1.229	0.004	0.005	0.004	0.004	0.01020408163
08/08/00	Rep	260	137.824	0.52	0.539	0.53	0.52	0.9908088235
08/09/00	Dem	668	321.48	0.474	0.485	0.481	0.483	0.4816285998
08/09/00	Reform	175	0.77	0.004	0.005	0.004	0.004	0.01012145749
08/09/00	Rep	115	59.529	0.511	0.522	0.518	0.522	0.9886363636
08/10/00	Dem	256	124.246	0.482	0.489	0.485	0.485	0.4827245805
08/10/00	Reform	477	2.013	0.004	0.006	0.004	0.005	0.01209677419
08/10/00	Rep	509	259.083	0.501	0.524	0.509	0.507	0.9905482042
08/11/00	Dem	447	213.622	0.465	0.49	0.478	0.465	0.4803921569
08/11/00	Reform	17	0.084	0.004	0.005	0.005	0.004	0.01004016064
08/11/00	Rep	395	203.746	0.507	0.53	0.516	0.53	0.9906542056
08/12/00	Dem	329	158.154	0.468	0.493	0.481	0.48	0.4833333333
08/12/00	Reform	135	0.555	0.004	0.005	0.004	0.004	0.01014198783
08/12/00	Rep	128	66.574	0.52	0.527	0.52	0.52	0.9906015038
08/13/00	Dem	24	11.712	0.488	0.488	0.488	0.488	0.4836471754
08/13/00	Reform	100	0.5	0.005	0.005	0.005	0.005	0.01018329939
08/13/00	Rep	18	9.348	0.518	0.521	0.519	0.521	0.9923809524
08/14/00	Dem	482	229.66	0.469	0.486	0.476	0.484	0.478817734
08/14/00	Reform	42	0.168	0.004	0.004	0.004	0.004	0.008196721311
08/14/00	Rep	85	44.188	0.517	0.529	0.52	0.517	0.9906367041
08/15/00	Dem	785	367.623	0.46	0.484	0.468	0.46	0.4680851064
08/15/00	Reform	802	3.228	0.004	0.005	0.004	0.004	0.01063829787
08/15/00	Rep	642	344.407	0.516	0.55	0.536	0.55	0.9927797834
08/16/00	Dem	628	283.755	0.444	0.465	0.452	0.445	0.4545454545
08/16/00	Reform	499	1.996	0.004	0.004	0.004	0.004	0.008695652174
08/16/00	Rep	663	365.272	0.533	0.558	0.551	0.558	0.9911190053
08/17/00	Dem	1,061	468.95	0.43	0.456	0.442	0.445	0.443148688
08/17/00	Reform	864	3.458	0.004	0.005	0.004	0.004	0.0110619469
08/17/00	Rep	534	300.013	0.551	0.573	0.562	0.573	0.991349481
08/18/00	Dem	729	318.135	0.421	0.447	0.436	0.435	0.4331395349
08/18/00	Reform	928	3.992	0.004	0.005	0.004	0.004	0.01098901099
08/18/00	Rep	1,304	738.755	0.555	0.585	0.567	0.56	0.9915254237
08/19/00	Dem	329	145.265	0.422	0.45	0.442	0.44	0.4289799809
08/19/00	Reform	222	0.888	0.004	0.005	0.004	0.004	0.01075268817
08/19/00	Rep	951	549.179	0.561	0.599	0.577	0.565	0.9917218543
08/20/00	Dem	289	130.098	0.428	0.46	0.45	0.444	0.4343720491
08/20/00	Reform	937	3.787	0.004	0.005	0.004	0.004	0.01052631579
08/20/00	Rep	615	353.813	0.54	0.599	0.575	0.557	0.9933665008
08/21/00	Dem	757	350.785	0.446	0.47	0.463	0.469	0.4549854792
08/21/00	Reform	876	3.504	0.004	0.004	0.004	0.004	0.00826446281
08/21/00	Rep	781	422.683	0.531	0.563	0.541	0.537	0.9911971831
08/22/00	Dem	1,178	560.299	0.467	0.48	0.476	0.475	0.4719764012
08/22/00	Reform	646	2.937	0.004	0.005	0.005	0.004	0.01033057851
08/22/00	Rep	139	73.358	0.52	0.537	0.528	0.52	0.9907749077
08/23/00	Dem	162	76.51	0.451	0.479	0.472	0.472	0.4673170732
08/23/00	Reform	514	2.156	0.004	0.005	0.004	0.005	0.01043841336
08/23/00	Rep	720	383.884	0.523	0.546	0.533	0.525	0.9891304348
08/24/00	Dem	57	26.895	0.465	0.474	0.472	0.472	0.4730538922
08/24/00	Reform	128	0.639	0.004	0.006	0.005	0.005	0.01244813278
08/24/00	Rep	105	55.325	0.525	0.528	0.527	0.525	0.9887640449
08/25/00	Dem	114	53.838	0.47	0.476	0.472	0.47	0.4750499002
08/25/00	Reform	402	2.011	0.005	0.006	0.005	0.005	0.0119760479
08/25/00	Rep	157	82.379	0.523	0.526	0.525	0.523	0.9887218045
08/26/00	Dem	593	287.865	0.474	0.495	0.485	0.487	0.4862475442
08/26/00	Reform	554	2.766	0.004	0.006	0.005	0.004	0.01234567901
08/26/00	Rep	236	123.182	0.518	0.523	0.522	0.518	0.9924098672
08/27/00	Dem	145	68.674	0.471	0.48	0.474	0.473	0.4747774481
08/27/00	Reform	419	1.676	0.004	0.004	0.004	0.004	0.00824742268
08/27/00	Rep	226	117.508	0.517	0.531	0.52	0.521	0.9888268156
08/28/00	Dem	241	115.088	0.47	0.481	0.478	0.48	0.4748272458
08/28/00	Reform	196	0.817	0.004	0.006	0.004	0.006	0.01204819277
08/28/00	Rep	810	418.549	0.501	0.532	0.517	0.511	0.987012987
08/29/00	Dem	291	141.464	0.484	0.492	0.486	0.487	0.4856860809
08/29/00	Reform	469	2.697	0.004	0.007	0.006	0.006	0.01397205589
08/29/00	Rep	332	169.526	0.506	0.521	0.511	0.507	0.9886148008
08/30/00	Dem	85	41.764	0.487	0.494	0.491	0.487	0.4900793651
08/30/00	Reform	137	0.657	0.004	0.006	0.005	0.005	0.01165048544
08/30/00	Rep	41	20.834	0.508	0.514	0.508	0.508	0.9884615385
08/31/00	Dem	283	140.651	0.489	0.509	0.497	0.501	0.5004916421
08/31/00	Reform	359	1.655	0.004	0.006	0.005	0.004	0.01156069364
08/31/00	Rep	737	370.691	0.5	0.508	0.503	0.501	0.986407767
09/01/00	Dem	672	335.14	0.493	0.513	0.499	0.513	0.4970930233
09/01/00	Reform	439	1.938	0.004	0.007	0.004	0.004	0.01340996169
09/01/00	Rep	458	231.788	0.49	0.519	0.506	0.517	0.9923518164
09/02/00	Dem	201	102.51	0.501	0.515	0.51	0.501	0.5073891626
09/02/00	Reform	74	0.296	0.004	0.004	0.004	0.004	0.007889546351
09/02/00	Rep	160	79.143	0.481	0.5	0.495	0.5	0.9881422925
09/03/00	Dem	324	162.019	0.5	0.503	0.5	0.5	0.5014955135
09/03/00	Reform	111	0.451	0.004	0.006	0.004	0.004	0.01167315175
09/03/00	Rep	259	128.492	0.495	0.5	0.496	0.495	0.9900990099
09/04/00	Dem	368	184.437	0.498	0.508	0.501	0.508	0.504468719
09/04/00	Reform	232	1.147	0.004	0.005	0.005	0.005	0.009560229446
09/04/00	Rep	627	309.452	0.487	0.499	0.494	0.49	0.9881188119
09/05/00	Dem	656	332.57	0.5	0.518	0.507	0.511	0.5108481262
09/05/00	Reform	301	1.553	0.005	0.006	0.005	0.005	0.009900990099
09/05/00	Rep	580	282.832	0.474	0.496	0.488	0.478	0.9880478088
09/06/00	Dem	590	322.189	0.511	0.6	0.546	0.533	0.5514705882
09/06/00	Reform	157	0.718	0.003	0.006	0.005	0.004	0.0101010101
09/06/00	Rep	414	192.836	0.458	0.488	0.466	0.469	0.9898580122
09/07/00	Dem	1,319	746.042	0.543	0.588	0.566	0.56	0.5505617978
09/07/00	Reform	878	3.082	0.002	0.005	0.004	0.002	0.008210180624
09/07/00	Rep	2,287	1,031.96	0.427	0.48	0.451	0.438	0.9937888199
09/08/00	Dem	1,448	842.84	0.547	0.604	0.582	0.576	0.5790987536
09/08/00	Reform	69	0.15	0.002	0.003	0.002	0.003	0.005190311419
09/08/00	Rep	871	378.067	0.426	0.439	0.434	0.432	0.9932126697
09/09/00	Dem	404	230.584	0.562	0.575	0.571	0.562	0.567061144
09/09/00	Reform	366	0.822	0.002	0.003	0.002	0.003	0.005244755245
09/09/00	Rep	612	263.759	0.424	0.439	0.431	0.439	0.9932126697
09/10/00	Dem	357	199.714	0.547	0.569	0.559	0.551	0.558390579
09/10/00	Reform	1,360	2.77	0.002	0.003	0.002	0.002	0.004983388704
09/10/00	Rep	188	83.616	0.44	0.45	0.445	0.449	0.9933774834
09/11/00	Dem	1,197	692.269	0.553	0.599	0.578	0.585	0.5737547893
09/11/00	Reform	391	0.792	0.002	0.003	0.002	0.002	0.004983388704
09/11/00	Rep	742	322.743	0.426	0.445	0.435	0.426	0.9933035714
09/12/00	Dem	999	586.843	0.57	0.599	0.587	0.574	0.5754082613
09/12/00	Reform	946	1.914	0.002	0.003	0.002	0.002	0.004983388704
09/12/00	Rep	761	322.723	0.41	0.442	0.424	0.419	0.9954954955
09/13/00	Dem	532	314.614	0.575	0.599	0.591	0.595	0.5781853282
09/13/00	Reform	686	1.372	0.002	0.002	0.002	0.002	0.003189792663
09/13/00	Rep	1,136	460.181	0.395	0.437	0.405	0.401	0.9931818182
09/14/00	Dem	1,599	974.139	0.591	0.625	0.609	0.62	0.5998080614
09/14/00	Reform	244	0.489	0.002	0.003	0.002	0.002	0.004594180704
09/14/00	Rep	734	289.27	0.36	0.417	0.394	0.382	0.9928571429
09/15/00	Dem	1,450	932.641	0.623	0.65	0.643	0.65	0.6262042389
09/15/00	Reform	1,737	4.97	0.002	0.003	0.003	0.003	0.004424778761
09/15/00	Rep	1,596	581.482	0.351	0.388	0.364	0.37	0.9923273657
09/16/00	Dem	290	187.358	0.62	0.675	0.646	0.67	0.6398104265
09/16/00	Reform	1,387	1.774	0.001	0.003	0.001	0.003	0.004552352049
09/16/00	Rep	1,335	491.519	0.325	0.38	0.368	0.375	0.9921671018
09/17/00	Dem	72	47.123	0.644	0.656	0.654	0.656	0.6488625124
09/17/00	Reform	707	1.414	0.002	0.003	0.002	0.002	0.003994673768
09/17/00	Rep	599	198.788	0.305	0.355	0.332	0.342	0.9916201117
09/18/00	Dem	1,436	1,008.28	0.668	0.748	0.702	0.718	0.6887661142
09/18/00	Reform	349	0.638	0.001	0.003	0.002	0.001	0.004103967168
09/18/00	Rep	1,413	439.968	0.275	0.338	0.311	0.314	0.9941176471
09/19/00	Dem	1,737	1,200.95	0.67	0.728	0.691	0.699	0.6691176471
09/19/00	Reform	1,773	3.389	0.001	0.002	0.002	0.002	0.002857142857
09/19/00	Rep	734	239.427	0.282	0.36	0.326	0.324	0.989010989
09/20/00	Dem	1,438	934.879	0.605	0.698	0.65	0.605	0.6160635481
09/20/00	Reform	9,980	30.015	0.002	0.004	0.003	0.002	0.006230529595
09/20/00	Rep	2,228	808.563	0.32	0.435	0.363	0.39	0.9908883827
09/21/00	Dem	849	522.478	0.58	0.638	0.615	0.629	0.5973782772
09/21/00	Reform	1,171	3.488	0.002	0.004	0.003	0.003	0.006134969325
09/21/00	Rep	1,561	618.311	0.35	0.43	0.396	0.388	0.9907834101
09/22/00	Dem	347	212.272	0.604	0.648	0.612	0.606	0.6189111748
09/22/00	Reform	1,426	4.478	0.002	0.004	0.003	0.003	0.006451612903
09/22/00	Rep	1,103	431.229	0.376	0.399	0.391	0.391	0.9925373134
09/23/00	Dem	318	193.079	0.6	0.616	0.607	0.61	0.6068965517
09/23/00	Reform	297	0.758	0.002	0.003	0.003	0.002	0.00487012987
09/23/00	Rep	182	70.124	0.375	0.399	0.385	0.382	0.9925373134
09/24/00	Dem	1,149	673.582	0.58	0.613	0.586	0.58	0.5998043053
09/24/00	Reform	369	0.742	0.002	0.003	0.002	0.002	0.004926108374
09/24/00	Rep	328	132.326	0.385	0.409	0.403	0.409	0.99031477
09/25/00	Dem	1,596	931.118	0.575	0.606	0.583	0.588	0.5906432749
09/25/00	Reform	1,236	3.707	0.002	0.004	0.003	0.003	0.006688963211
09/25/00	Rep	1,563	647.452	0.407	0.42	0.414	0.417	0.9905660377
09/26/00	Dem	397	232.436	0.581	0.594	0.585	0.59	0.5744680851
09/26/00	Reform	4,441	17.443	0.002	0.004	0.004	0.002	0.006734006734
09/26/00	Rep	709	298.402	0.41	0.44	0.421	0.411	0.990990991
09/27/00	Dem	531	307.8	0.573	0.59	0.58	0.573	0.5767350929
09/27/00	Reform	659	2.162	0.003	0.004	0.003	0.003	0.006814310051
09/27/00	Rep	253	105.947	0.41	0.433	0.419	0.425	0.9908466819
09/28/00	Dem	548	315.75	0.565	0.583	0.576	0.58	0.5704500978
09/28/00	Reform	531	1.848	0.003	0.004	0.003	0.004	0.006633499171
09/28/00	Rep	371	156.278	0.41	0.439	0.421	0.428	0.9909706546
09/29/00	Dem	272	159.859	0.57	0.599	0.588	0.57	0.579303675
09/29/00	Reform	93	0.356	0.002	0.004	0.004	0.002	0.006968641115
09/29/00	Rep	935	394.284	0.42	0.435	0.422	0.425	0.9931506849
09/30/00	Dem	195	110.585	0.566	0.57	0.567	0.566	0.5539358601
09/30/00	Reform	187	0.375	0.002	0.003	0.002	0.002	0.005163511188
09/30/00	Rep	632	281.389	0.428	0.459	0.445	0.436	0.9935064935
10/01/00	Dem	238	135.023	0.566	0.578	0.567	0.578	0.5700197239
10/01/00	Reform	16	0.032	0.002	0.003	0.002	0.002	0.004784688995
10/01/00	Rep	115	48.296	0.396	0.436	0.42	0.396	0.993166287
10/02/00	Dem	644	384.653	0.569	0.624	0.597	0.611	0.5931558935
10/02/00	Reform	580	1.222	0.002	0.003	0.002	0.002	0.004594180704
10/02/00	Rep	544	222.716	0.396	0.428	0.409	0.396	0.9930394432
10/03/00	Dem	1,840	1,151.41	0.593	0.65	0.626	0.6	0.597976081
10/03/00	Reform	590	0.86	0.001	0.003	0.001	0.001	0.004531722054
10/03/00	Rep	4,427	1,734.28	0.346	0.437	0.392	0.38	0.9954441913
10/04/00	Dem	1,021	659.643	0.62	0.659	0.646	0.659	0.6423001949
10/04/00	Reform	554	0.579	0.001	0.002	0.001	0.001	0.002849002849
10/04/00	Rep	970	346.284	0.325	0.367	0.357	0.325	0.9945799458
10/05/00	Dem	1,228	830.258	0.641	0.7	0.676	0.68	0.6666666667
10/05/00	Reform	105	0.127	0.001	0.002	0.001	0.002	0.002915451895
10/05/00	Rep	1,340	429.308	0.3	0.35	0.32	0.31	0.9943181818
10/06/00	Dem	680	471.913	0.675	0.684	0.694	0.675	0.66796875
10/06/00	Reform	135	0.17	0.001	0.002	0.001	0.002	0.002919708029
10/06/00	Rep	2,186	684.032	0.32	0.34	0.313	0.338	0.9941520468
10/07/00	Dem	327	208.817	0.62	0.683	0.639	0.62	0.643126177
10/07/00	Reform	205	0.244	0.001	0.002	0.001	0.001	0.00296735905
10/07/00	Rep	1,360	477.047	0.338	0.379	0.351	0.379	0.9973684211
10/08/00	Dem	1,786	1,069.36	0.551	0.672	0.599	0.606	0.5989304813
10/08/00	Reform	31	0.031	0.001	0.001	0.001	0.001	0.001519756839
10/08/00	Rep	1,859	750.937	0.369	0.45	0.404	0.42	0.9955752212
10/09/00	Dem	1,913	1,105.04	0.558	0.657	0.578	0.58	0.5989061076
10/09/00	Reform	56	0.056	0.001	0.002	0.001	0.001	0.003189792663
10/09/00	Rep	1,407	607.679	0.369	0.44	0.432	0.44	0.9954751131
10/10/00	Dem	916	551.054	0.56	0.625	0.602	0.59	0.5824790308
10/10/00	Reform	500	0.5	0.001	0.002	0.001	0.001	0.003267973856
10/10/00	Rep	1,324	565.866	0.377	0.448	0.427	0.417	0.9955555556
10/11/00	Dem	1,386	810.125	0.551	0.61	0.585	0.552	0.5754716981
10/11/00	Reform	1,252	1.645	0.001	0.002	0.001	0.001	0.00350877193
10/11/00	Rep	3,624	1,529.99	0.411	0.45	0.422	0.449	0.9955752212
10/12/00	Dem	878	485.26	0.541	0.568	0.553	0.541	0.5477338476
10/12/00	Reform	330	0.39	0.001	0.002	0.001	0.001	0.003590664273
10/12/00	Rep	715	324.772	0.441	0.469	0.454	0.46	0.9957537155
10/13/00	Dem	377	205.19	0.535	0.555	0.544	0.535	0.5430528376
10/13/00	Reform	271	0.291	0.001	0.002	0.001	0.001	0.003533568905
10/13/00	Rep	419	193.169	0.45	0.467	0.461	0.461	0.9957356077
10/14/00	Dem	374	198.358	0.509	0.564	0.53	0.526	0.5402298851
10/14/00	Reform	311	0.312	0.001	0.002	0.001	0.001	0.003802281369
10/14/00	Rep	1,516	725.876	0.462	0.48	0.479	0.48	0.9958506224
10/15/00	Dem	180	92.349	0.506	0.524	0.513	0.516	0.5137254902
10/15/00	Reform	30	0.035	0.001	0.002	0.001	0.002	0.003846153846
10/15/00	Rep	295	144.802	0.48	0.496	0.491	0.493	0.9959839357
10/16/00	Dem	1,804	878.111	0.452	0.518	0.487	0.476	0.4739249771
10/16/00	Reform	666	0.668	0	0.002	0.001	0	0.003565062389
10/16/00	Rep	3,764	1,967.34	0.486	0.575	0.523	0.529	0.9982638889
10/17/00	Dem	3,380	1,696.37	0.473	0.559	0.502	0.516	0.508644222
10/17/00	Reform	359	0.257	0	0.001	0.001	0	0.001782531194
10/17/00	Rep	2,362	1,185.48	0.449	0.54	0.502	0.48	0.9981515712
10/18/00	Dem	2,502	1,316.93	0.5	0.56	0.526	0.52	0.5308056872
10/18/00	Reform	36	0.036	0	0.001	0.001	0.001	0.001919385797
10/18/00	Rep	446	214.695	0.468	0.495	0.481	0.49	0.997983871
10/19/00	Dem	1,625	794.534	0.47	0.52	0.489	0.479	0.4976076555
10/19/00	Reform	7	0.004	0	0.001	0.001	0	0.002036659878
10/19/00	Rep	1,753	895.818	0.485	0.525	0.511	0.524	0.9980988593
10/20/00	Dem	1,752	814.281	0.425	0.49	0.465	0.435	0.4622641509
10/20/00	Reform	5	0.001	0	0.001	0	0	0.002150537634
10/20/00	Rep	588	321.046	0.519	0.57	0.546	0.565	0.9982486865
10/21/00	Dem	1,866	752.168	0.301	0.464	0.403	0.4	0.4260789715
10/21/00	Reform	330	0.01	0	0.001	0	0	0.002403846154
10/21/00	Rep	1,335	780.322	0.536	0.625	0.585	0.623	1
10/22/00	Dem	1,285	480.686	0.335	0.415	0.374	0.371	0.3789954338
10/22/00	Reform	0	0	0	0		0	0
10/22/00	Rep	1,266	813.472	0.615	0.68	0.643	0.648	0.9985315712
10/23/00	Dem	4,712	1,773.72	0.35	0.448	0.376	0.401	0.3905841325
10/23/00	Reform	673	0.141	0	0.001	0	0	0.002150537634
10/23/00	Rep	3,661	2,344.40	0.58	0.699	0.64	0.617	0.9985714286
10/24/00	Dem	4,207	1,765.63	0.399	0.464	0.42	0.445	0.4165170557
10/24/00	Reform	279	0.273	0	0.001	0.001	0	0.002032520325
10/24/00	Rep	2,792	1,635.27	0.54	0.65	0.586	0.54	0.9984639017
10/25/00	Dem	3,205	1,486.79	0.42	0.491	0.464	0.432	0.4500458295
10/25/00	Reform	4,202	0.002	0	0.001	0	0	0.002247191011
10/25/00	Rep	2,066	1,115.07	0.5	0.6	0.54	0.579	0.9983361065
10/26/00	Dem	873	371.322	0.4	0.444	0.425	0.418	0.4256951103
10/26/00	Reform	349	0.348	0	0.001	0.001	0	0.002341920375
10/26/00	Rep	566	326.389	0.555	0.599	0.577	0.582	0.9983333333
10/27/00	Dem	582	237.322	0.386	0.426	0.408	0.387	0.4072657744
10/27/00	Reform	76	0.001	0	0.001	0	0	0.0025
10/27/00	Rep	423	252.813	0.574	0.62	0.598	0.62	0.998389694
10/28/00	Dem	1,555	518.999	0.251	0.399	0.334	0.287	0.3481675393
10/28/00	Reform	897	0.03	0	0.001	0	0	0.002808988764
10/28/00	Rep	1,329	878.009	0.619	0.747	0.661	0.681	0.9986631016
10/29/00	Dem	1,074	356.022	0.277	0.355	0.331	0.354	0.3400383142
10/29/00	Reform	292	0.1	0	0.001	0	0	0.002659574468
10/29/00	Rep	925	623.109	0.646	0.689	0.674	0.67	0.9985507246
10/30/00	Dem	2,352	838.334	0.315	0.375	0.356	0.375	0.3534401508
10/30/00	Reform	80	0.006	0	0.001	0	0	0.0025
10/30/00	Rep	1,083	707.91	0.61	0.686	0.654	0.61	0.9985443959
10/31/00	Dem	1,246	474.869	0.36	0.399	0.381	0.377	0.3858800774
10/31/00	Reform	1	0	0	0.001	0	0	0.002638522427
10/31/00	Rep	1,772	1,089.26	0.59	0.635	0.615	0.61	0.998427673
11/01/00	Dem	1,901	646.093	0.311	0.378	0.34	0.348	0.3555973659
11/01/00	Reform	120	0.1	0	0.001	0.001	0	0.002380952381
11/01/00	Rep	2,203	1,443.07	0.62	0.685	0.655	0.668	0.9985422741
11/02/00	Dem	6,423	2,183.94	0.25	0.419	0.34	0.39	0.3590402742
11/02/00	Reform	350	0.1	0	0.001	0	0	0.002631578947
11/02/00	Rep	2,749	1,824.77	0.585	0.748	0.664	0.625	1
11/03/00	Dem	3,270	1,051.32	0.298	0.379	0.322	0.298	0.3480257117
11/03/00	Reform	0	0	0	0		0	0
11/03/00	Rep	1,634	1,117.84	0.614	0.71	0.684	0.7	0.9985935302
11/04/00	Dem	4,946	1,174.45	0.18	0.318	0.237	0.289	0.272260274
11/04/00	Reform	886	0.743	0	0.001	0.001	0	0.003378378378
11/04/00	Rep	1,416	1,045.16	0.7	0.85	0.738	0.77	0.9988249119
11/05/00	Dem	1,891	516.756	0.232	0.295	0.273	0.295	0.2706422018
11/05/00	Reform	175	0.173	0	0.001	0.001	0.001	0.003067484663
11/05/00	Rep	2,238	1,677.19	0.7	0.795	0.749	0.73	0.9987437186
11/06/00	Dem	5,584	1,519.37	0.202	0.325	0.272	0.291	0.2954545455
11/06/00	Reform	995	0.969	0	0.001	0.001	0	0.001251564456
11/06/00	Rep	2,885	2,116.99	0.68	0.775	0.734	0.711	0.9987113402
11/07/00	Dem	10,259	3,371.75	0.105	0.798	0.329	0.14	0.4702416028
11/07/00	Reform	612	0.491	0	0.001	0.001	0.001	0.001024590164
11/07/00	Rep	8,564	5,693.81	0.02	0.899	0.665	0.7	0.9988888889
11/08/00	Dem	26,691	17,358.35	0.002	0.975	0.65	0.922	0.4949238579
11/08/00	Reform	7,601	5.616	0	0.001	0.001	0.001	0.001030927835
11/08/00	Rep	43,512	6,766.36	0.023	0.995	0.156	0.078	0.9989959839
11/09/00	Dem	4,952	4,671.81	0.894	0.969	0.943	0.95	0.8988868275
11/09/00	Reform	2,065	2.062	0	0.001	0.001	0	0.001019367992
11/09/00	Rep	10,055	542.973	0.025	0.109	0.054	0.05	0.9909090909
11/10/00	Dem	3,454	3,328.02	0.95	0.98	0.964	0.969	0.9324452902
11/10/00	Reform	23	0.02	0	0.001	0.001	0	1
11/10/00	Rep	3,519	148.171	0.02	0.071	0.042	0.031	1